-4.054894476992736
-5.4739802496580445
-4.46967395306217
-4.358893197201748
-4.362804252333604
-4.628442566617341
-4.079552667944163
-6.111751748076138
-4.48959152212457
-4.137973447966197
-13.67438141374316
-6.203181007784148
-4.683860710686652
-7.803910802812919
-7.682630481805939
-4.166759764765192
-3.9227049954145534
-4.514220341873674
-11.398748175813065
-4.25239791576675
-6.862901188740549
-4.3549069382319
-9.075837134140263
-7.639111757437659
-7.100531545215819
-4.136416420058034
-6.606136573225298
-4.675974871293094
0.08870745590887363
-3.84752495252553
-1.7847378250796604
-7.746530507128516
-4.577496208817011
-6.058204278606839
-0.050524828544864064
-5.857453777661652
-6.640100781142578
-3.2022655765130743
-4.238281801784484
-4.570458472848556
-1.9769849859985706
-6.290356758948405
-11.164063537324807
2.208070558038721
-2.8534505128629153
-4.030149366878568
-3.99510831839129
-3.267832419242656
-4.189607154908936
-4.299062047483937
-5.010345965513027
-3.0615380920402147
-0.06472687680195399
-13.533031663823705
-3.0763157549165694
-4.1902062152300745
-7.066376168237921
-4.293763368871755
-8.064632304105347
-4.528577048273889
-3.0028613580758536
-0.8200859932073126
-4.232424975463094
-4.334186036794403
-1.4328236665161849
-4.218219435965155
-4.636005146831758
-16.74072669383935
-0.2802106536554416
0.07578576291166073
-4.959753375647118
-6.074007579334149
-0.5192587914134412
-4.29992646286435
-1.5680560383846056
-2.0793102381472663
2.869292040645778
-5.325653354859925
-1.2665357890686408
-4.130670291411075
-4.857844007543436
-8.395264527397206
-4.463229785676506
-6.548864927746311
-7.522199607470171
-6.439125163722513
-4.299689768837218
-4.502327047597997
-4.294786947826096
-4.408901028654197
-3.5533364846336823
2.2400706194836166
-1.4207502699819292
-8.240353359953081
-4.537088253270588
-5.945497908333746
-3.9640421023536536
-6.503307599510438
-3.4380875111622
-9.079220150829476
-2.460593590401068
-9.775730925025869
-5.341575865660113
-4.605762102153611
-6.505205114258088
-6.259417525428845
-4.055399698550505
-5.2293637112369895
-4.5191236757383555
-1.8392295195132817
-10.653069477853364
0.05597475573831634
-11.068763581544792
-3.6869987263025106
-9.45055193964404
-5.514592886119962
-7.439574537741235
-6.328171067535168
-4.40906972434877
-7.508235357897684
-5.204584672140891
-3.5017741429227955
-5.102951153833202
1.8796651166254756
-0.8442646168733736
-3.9593089885647244
-4.2604945939644345
-3.8947342126234146
-5.749609415492534
-4.801987825497959
-5.496920650444158
2.8652231819993434
-4.081480790792264
-11.87312961693578
-6.15105055428737
-4.242043695928776
-4.762444587138269
-5.401740948941589
-5.154964471823673
-3.970085871241991
-4.521773206388447
-4.037337131536263
-4.1396444170780216
-7.5098224658156685
-4.708032720239939
-4.198895524921593
-1.9702121095064382
-4.60878369556797
-2.900249467134906
-3.713688089410889
-4.205027868020597
-9.549324802079793
-5.280651979515388
-3.079705557916386
-2.444453309280188
-4.267761767128235
-4.343425454740435
-5.943981448631896
-3.3222581767748243
-7.694745834916631
-7.459223752201492
-7.379168616086583
-6.083094243991431
-4.643052284403141
-5.292329713571046
-4.724908887440017
-3.0393081293841826
-6.827971864323598
-4.596485296365944
-8.247197856475088
-5.0127714900259495
-4.806172874281411
-7.610213462027585
-4.700320917936952
-4.32815100531671
-5.179791067555869
-5.921434444066702
