-3.9876640583646603
-3.067430297008824
-18.582194735202183
-0.6237476227693097
-15.763230164783652
-6.130846960749739
-8.22390660782779
-4.399487027779602
2.588168711763861
-4.112274560284868
-14.24939624490842
-15.404970814875606
-1.9125218783870488
-12.262538317141015
-4.37269327492519
-8.41253169132346
-1.8088069365512909
-3.783141194007109
-4.945735314691563
-8.583677732801153
6.041760356752979
-7.44097132107845
-0.003588486337649085
-4.598956691461434
-7.183579036767354
-1.8950606535882208
-10.846961105828441
-17.312746704215233
-4.179076477768345
-7.736980104230238
-3.4201696942861726
7.763802904317474
-1.2476804938539656
-16.622018996676655
-6.647246521632335
-7.456507458788128
-3.696823924656906
-6.221930699271406
-8.537967208919195
-4.490426847237028
-16.687501523055253
-7.760529462873237
0.35490729116380804
-4.139126434235548
-14.12012205924573
-4.2422584276836846
-5.896808599185418
-3.4283380004570563
-5.21253473098799
-4.1869292712170285
8.460271933087174
-4.3667079878102335
-5.100936527503823
-9.368867819102825
-4.122582922716466
-6.369213664297907
-5.092609897641679
-4.4892569550549
-4.152005509507358
-5.986695832610559
-4.665138614067928
-1.6177398491718713
-10.250025053512633
-8.50961303192944
-2.2287013983267703
-4.211224328832437
-4.920167865395234
-3.3941255918563478
-5.727672057699361
0.7962807287051721
-3.7796813794775477
-4.622833064061566
-7.061354359033816
-3.918552591890416
-9.863092476859599
-3.5789626637768364
-5.196781263170815
-4.278790637253998
-4.155358058274826
-5.331251552775422
-16.948547959647193
-4.396137775721584
-3.8527838647321686
-7.481491208916323
-4.584373012923482
-10.526836835854409
-0.3395148547223368
-2.1783256753460134
-14.478824923198818
-9.49496273727777
-4.552201937397362
-9.179456321793179
-4.386204399083197
-4.146397305131994
0.27508213455081
1.7621719513109013
-7.516187612638923
-7.98557342286697
-3.785466873780518
-13.016242578371347
-2.7398451375598
-15.548903986592213
-7.9894965432825265
5.3836724393526705
-1.1904876576504368
3.9529131293281483
-8.301353141844753
-0.8885486848544119
-3.875529034180508
-4.591502654128068
-4.939424063301279
-5.467223840375778
-6.1596706633400204
-2.402901249911625
-5.333582200596755
-1.125722873468285
-17.60757367061021
2.357541137858952
-4.3890450263811935
-6.626007991613324
2.2091862956331108
-19.512949898972657
-5.726608098667233
-9.600722141633641
-1.4751736875351742
-4.44442165756861
-6.405958108135584
-10.998137861245784
-8.098261909327134
-28.130092725994537
-6.219553556070892
-4.590059503811867
-6.410462033176998
-6.185945506701874
3.0591203185028095
-3.967063775838116
-1.115874123556233
-12.812865413874018
-0.9476698860669543
-18.39860654464646
-0.9223215115260462
-1.491428150841065
-9.333408745695987
-8.232621364120465
-0.6581602258852448
-2.586945104833596
-14.376969580955217
-5.12861421159427
-4.2044798860018275
-11.376502419040097
-5.917552682868565
-24.16996440112804
-9.052498264347964
3.588596776263066
-5.225141546047551
-3.171145660917777
-0.795416266265252
-16.91117651704803
-5.128061071472983
-10.245332273044198
-4.547283974864315
-4.922679822236689
-3.9576392822533317
0.10486539942512163
-0.7864810730936407
-4.230095152670035
0.3801542557450004
6.5441091868712675
-2.1281760097178766
-2.474553270090612
-10.021404045360214
-15.543682743921845
-4.240832642388349
-4.510487055669127
-4.549883461167723
-4.851635867971911
-6.40914465450066
2.7253861498878953
-4.593590446266974
-7.074400250929208
-1.1819441928642371
4.0674088748868575
-14.208009875981489
-12.826921612008444
-1.0105090109032957
-2.7592403545837607
-4.085999790075208
-8.141229537505383
-6.0979612927797415
-1.1837150047835108
-1.327080029884026
-18.012038510734154
-5.446696877179042
-2.4896128244422004
-14.49119285726357
-4.30207606337619
-4.395773345319168
-1.785043457138451
-4.675373152430137
-4.743260899933237
-5.04232610195588
-8.587501441583106
-10.693970750761252
-3.004910781998348
-4.6141019630218345
