-3.9876640583646603
-3.067430297008824
-18.582194735202183
-0.6237476227693097
-15.763230164783652
-6.130846960749739
-8.22390660782779
-4.399487027779602
2.588168711763861
-4.112274560284868
-14.24939624490842
-15.404970814875606
-1.9125218783870488
-12.262538317141015
-4.37269327492519
-8.41253169132346
-1.8088069365512909
-3.783141194007109
-4.945735314691563
-8.583677732801153
6.041760356752979
-7.44097132107845
-0.003588486337649085
-4.598956691461434
-7.183579036767354
-1.8950606535882208
-10.846961105828441
-17.312746704215233
-4.179076477768345
-7.736980104230238
-3.4201696942861726
7.763802904317474
-1.2476804938539656
-16.622018996676655
-6.647246521632335
-7.456507458788128
-3.696823924656906
-6.221930699271406
-8.537967208919195
-4.490426847237028
-16.687501523055253
-7.760529462873237
0.35490729116380804
-4.139126434235548
-14.12012205924573
-4.2422584276836846
-5.896808599185418
-3.4283380004570563
-5.21253473098799
-4.1869292712170285
8.460271933087174
-4.3667079878102335
-5.100936527503823
-9.368867819102825
-4.122582922716466
-6.369213664297907
-5.092609897641679
-4.4892569550549
-4.152005509507358
-5.986695832610559
-4.665138614067928
-1.6177398491718713
-10.250025053512633
-8.50961303192944
-2.2287013983267703
-4.211224328832437
-4.920167865395234
-3.3941255918563478
-5.727672057699361
0.7962807287051721
-3.7796813794775477
-4.622833064061566
-7.061354359033816
-3.918552591890416
-9.863092476859599
-3.5789626637768364
-5.196781263170815
-4.278790637253998
-4.155358058274826
-5.331251552775422
-16.948547959647193
-4.396137775721584
-3.8527838647321686
-7.481491208916323
-4.584373012923482
-10.526836835854409
-0.3395148547223368
-2.1783256753460134
-14.478824923198818
-9.49496273727777
-4.552201937397362
-9.179456321793179
-4.386204399083197
-4.146397305131994
0.27508213455081
1.7621719513109013
-7.516187612638923
-7.98557342286697
-3.785466873780518
-13.016242578371347
-2.7398451375598
-15.548903986592213
-7.9894965432825265
5.3836724393526705
-1.1904876576504368
3.9529131293281483
-8.301353141844753
-0.8885486848544119
-3.875529034180508
-4.591502654128068
-4.939424063301279
