-4.4830488021241734
-3.339455499401504
-1.8458060213372054
-4.196453319905507
-3.1419530259613278
-1.7000575970895422
-3.243289319982959
-4.233916628949549
-3.543552143380398
-3.2129080262359335
-3.1148056824856387
-4.695479373365215
-6.7918966400099645
-3.9167314601502734
-2.871320424101287
-3.3968922411283184
-3.631231326440396
-3.6707201787451704
-3.4278234585725147
-3.733693553462836
1.052554023816172
-2.803647771579885
-3.9725932316679606
-3.5225955683555905
-3.373704036220185
-3.713296099826497
-2.9504981553463074
-3.2921990276693536
-3.1215252054618237
-4.929840720314999
-3.5319961469459975
-3.1487240432594414
-0.8131544205892318
-3.9249664387015972
0.6296780857816415
5.372087407922073
-3.6187266101979545
-3.3865098164807708
-2.5399881902065236
-3.9602573664961604
-3.122737832330637
-3.6292384349136735
-4.260163540911993
-4.770953938966782
-3.0956839803140053
0.06662563951799472
-3.2929461651961023
-3.5281613136260175
-3.6778086171956947
-0.871105708932502
-1.5725447302866962
-3.56087524618388
-5.6370589708586305
-1.3918682002456921
-4.630356302043591
-2.9565521701361455
1.7090477504052108
-3.2976262072821463
-3.546655964277235
-3.6798685171999854
-3.655712998431999
-4.776881442251475
-2.1914542522387097
-3.2424597531990567
-3.0403649627989933
2.624242910568689
-4.081204350625269
-3.1591293267748446
-4.141196688041223
-3.1712780926401423
-3.6601924729257536
-3.133187721615421
-5.522968629078702
-4.011444787003724
-3.4855619413283483
-3.414326232062889
-3.4772977183578666
-3.2403563633257018
-4.035162433300095
-0.5198938138027756
-5.616640414827709
-1.995244273418984
-4.3458857930406944
-4.246574499284819
-4.0435430364490355
-2.0937960771231077
-4.477570415217564
-3.07469955771394
-3.3813433152594183
-3.919386734224453
-3.2362349600691322
-2.744880132031365
-3.042819867210483
-5.793286808160788
-3.5819303958484885
-5.549039200796793
-3.6347968048883486
-3.45744908323665
-3.178360971791364
-4.394820226000764
-3.492424161353709
-2.0568023785690848
-4.460027933006882
-3.625074852624256
-3.8860308363753298
-3.8066894679499557
-3.4425198258355167
-3.2985309978366932
-3.386990017073322
-3.6075730191502196
-3.550666222933518
-4.633190869309154
-1.948800990478512
-3.266472994588369
-3.5623061893518058
-3.387096094954966
-4.4476611364105585
-3.1394907686313447
-3.2062593925611553
-3.4203148477692396
-3.5032230752208426
-3.274126817004949
-3.9877598093580513
-3.8415773651381238
-3.3775029207824505
-3.7696500494477574
0.8269980495299114
-3.861270121556922
-2.9313216418569814
-3.2232134301060227
-3.411513526376981
-3.5412624145005127
-3.2937297905942313
-3.5659515417871583
-3.6927800896698164
-3.373001307602834
-4.019085649330706
-3.1705856988691052
-3.9636837303982233
-3.7268135147235766
-3.5227191130310285
-0.8297300896869442
-4.723411888493619
-4.608073365808998
-3.9787533176187617
-2.947908431064882
-3.030234689497156
-3.818147850997902
1.053016898193273
-1.106508358110882
-2.8413096609890256
-1.5876635328860385
-2.8563409484746902
-3.0542007525289847
-3.321156096624423
-3.482623635713541
-3.0885707897692134
-3.6020658594932216
-3.899824662387309
-1.6846130782972093
-3.9327947024128838
-3.1595738561520856
-6.562854450658303
-3.8833766338968765
5.858852913531155
-2.384830676899824
-3.312425001756899
-3.247824640186298
-2.3236398837628753
-4.186893076655586
-3.227848819378783
-3.356594003465473
-2.305981365682585
-3.273486495438138
-4.819348912872956
-3.4132646174275005
-3.933791472190445
-3.147238168321774
-3.358153458675366
-3.353166608904841
-2.4446231619764083
-3.842061905380443
-3.6018362407026356
-5.576937050948688
-3.276397635436213
-5.33986154790054
-3.369726386947461
-3.432418526492347
-1.1622372701161092
-3.3548330219612073
-3.376506486816132
-3.3938391510356913
-2.718949372482661
-4.168799956359132
-3.214227875206772
-3.301816167994315
-1.6905412137416937
-3.5341958684603174
-3.5094765426512
-3.2174302948714764
-4.3156608459596
-3.344560461870497
-2.069191887038336
-2.770482764212757
-2.946134504168081
-4.952692809761438
-3.388948038835462
-3.1217280867736568
-3.7013224236908644
-3.014080912473979
-3.440055129140426
-0.627388963364012
-4.0474819312739845
-3.2222727963390776
-3.5183803642658775
-3.6441945216285836
-4.038069686533442
-2.761763713017328
-2.075135591184778
-3.7330408395315535
-3.1954256154030154
-3.7028893599011337
-4.798916990111751
-2.9244356295405414
-2.3859741947147657
-3.9503119526247223
-3.324876724751299
-3.277565819567814
-4.013184778629018
-0.03894399072532373
-3.634423896400803
-3.9589805691527613
-3.251479089564616
-3.506452410733629
-3.174392481676948
-6.37352381777964
-4.161899448036967
-2.700117076101437
-3.010340013519796
-3.592026530490648
-3.868787940055126
-3.9478843709526186
-3.870622063011314
-2.670378005004441
-3.414271913194738
-3.278552680045031
-3.0686007597692253
-3.3590615294554613
-3.9853097402518305
-2.727670091639067
-3.7861342721092734
-5.450351924527828
-3.5931830285187734
-3.1282733093256616
-3.3964767504915323
-7.820228515571388
-3.687990641341286
-3.0036175961581453
-6.220841239503201
-3.1366155415266905
-3.154468993813363
-3.7612057192873802
-4.707811587061165
-3.0310946906738283
-2.857847103298785
-5.877314534070246
-3.2282022107501893
-4.3300299107214295
-3.3840117020812097
-3.5405433691819326
-3.17978387927509
-3.9908116599984975
-3.9235690084763513
-3.2199094596729747
-4.662020343453463
-3.553923096617766
-4.734890017010313
-3.3594778542307733
-3.6039501844172115
-4.130298408294193
-3.4903785177493916
-3.6184785732476117
-0.865068578044744
-3.135230156762089
-3.9932661194388044
-4.143756746563205
-3.2349478916912133
-3.647621131458163
-3.263712197533826
-3.8461082124612584
-3.9983531678377737
-3.135563993448712
-3.811549903131269
-3.3294866117386195
-3.0109542658576274
-3.4754032960017898
