-3.9876640583646603
-3.067430297008824
-18.582194735202183
-0.6237476227693097
-15.763230164783652
-6.130846960749739
-8.22390660782779
-4.399487027779602
2.588168711763861
-4.112274560284868
-14.24939624490842
-15.404970814875606
-1.9125218783870488
-12.262538317141015
-4.37269327492519
-8.41253169132346
-1.8088069365512909
-3.783141194007109
-4.945735314691563
-8.583677732801153
6.041760356752979
-7.44097132107845
-0.003588486337649085
-4.598956691461434
-7.183579036767354
-1.8950606535882208
-10.846961105828441
-17.312746704215233
-4.179076477768345
-7.736980104230238
-3.4201696942861726
7.763802904317474
-1.2476804938539656
-16.622018996676655
-6.647246521632335
-7.456507458788128
-3.696823924656906
-6.221930699271406
-8.537967208919195
-4.490426847237028
-16.687501523055253
-7.760529462873237
0.35490729116380804
-4.139126434235548
-14.12012205924573
-4.2422584276836846
-5.896808599185418
-3.4283380004570563
-5.21253473098799
-4.1869292712170285
8.460271933087174
-4.3667079878102335
-5.100936527503823
-9.368867819102825
-4.122582922716466
-6.369213664297907
-5.092609897641679
-4.4892569550549
-4.152005509507358
-5.986695832610559
-4.665138614067928
-1.6177398491718713
-10.250025053512633
-8.50961303192944
-2.2287013983267703
-4.211224328832437
-4.920167865395234
-3.3941255918563478
-5.727672057699361
0.7962807287051721
-3.7796813794775477
-4.622833064061566
-7.061354359033816
-3.918552591890416
-9.863092476859599
-3.5789626637768364
-5.196781263170815
-4.278790637253998
-4.155358058274826
-5.331251552775422
-16.948547959647193
-4.396137775721584
-3.8527838647321686
-7.481491208916323
-4.584373012923482
-10.526836835854409
-0.3395148547223368
-2.1783256753460134
-14.478824923198818
-9.49496273727777
-4.552201937397362
-9.179456321793179
-4.386204399083197
-4.146397305131994
0.27508213455081
1.7621719513109013
-7.516187612638923
-7.98557342286697
-3.785466873780518
-13.016242578371347
-2.7398451375598
-15.548903986592213
-7.9894965432825265
5.3836724393526705
-1.1904876576504368
3.9529131293281483
-8.301353141844753
-0.8885486848544119
-3.875529034180508
-4.591502654128068
-4.939424063301279
-5.467223840375778
-6.1596706633400204
-2.402901249911625
-5.333582200596755
-1.125722873468285
-17.60757367061021
2.357541137858952
-4.3890450263811935
-6.626007991613324
2.2091862956331108
-19.512949898972657
-5.726608098667233
-9.600722141633641
-1.4751736875351742
-4.44442165756861
-6.405958108135584
-10.998137861245784
-8.098261909327134
-28.130092725994537
-6.219553556070892
-4.590059503811867
-6.410462033176998
-6.185945506701874
3.0591203185028095
-3.967063775838116
-1.115874123556233
-12.812865413874018
-0.9476698860669543
-18.39860654464646
-0.9223215115260462
-1.491428150841065
-9.333408745695987
-8.232621364120465
-0.6581602258852448
-2.586945104833596
-14.376969580955217
-5.12861421159427
-4.2044798860018275
-11.376502419040097
-5.917552682868565
-24.16996440112804
-9.052498264347964
3.588596776263066
-5.225141546047551
-3.171145660917777
-0.795416266265252
-16.91117651704803
-5.128061071472983
-10.245332273044198
-4.547283974864315
-4.922679822236689
-3.9576392822533317
0.10486539942512163
-0.7864810730936407
-4.230095152670035
0.3801542557450004
6.5441091868712675
-2.1281760097178766
-2.474553270090612
-10.021404045360214
-15.543682743921845
-4.240832642388349
-4.510487055669127
-4.549883461167723
-4.851635867971911
-6.40914465450066
2.7253861498878953
-4.593590446266974
-7.074400250929208
-1.1819441928642371
4.0674088748868575
-14.208009875981489
-12.826921612008444
-1.0105090109032957
-2.7592403545837607
-4.085999790075208
-8.141229537505383
-6.0979612927797415
-1.1837150047835108
-1.327080029884026
-18.012038510734154
-5.446696877179042
-2.4896128244422004
-14.49119285726357
-4.30207606337619
-4.395773345319168
-1.785043457138451
-4.675373152430137
-4.743260899933237
-5.04232610195588
-8.587501441583106
-10.693970750761252
-3.004910781998348
-4.6141019630218345
-18.166792535915366
-5.694962224378319
-5.836379462998105
-1.0646599737509135
-6.511389532984634
-6.878276219294928
-2.113168049463178
-3.8988400883593988
-4.273342187337756
6.403788149865248
-3.3877943157317056
-9.964752200221987
-15.635183848012218
-1.3410266069876844
-3.7770596302425536
-8.436722905301824
-8.798020525973973
-12.792497492801552
-3.3470112458841634
-4.952211024017868
-1.6307247528482463
-17.22847257225424
0.5897095627296371
-1.9513464639414244
-8.59449676121046
-13.026634186943802
-8.699447753882025
-6.694578142625442
-2.438287324422549
-1.7810430092404328
-4.297911921410506
-7.484704919906083
-14.953788095242029
-13.78077665013014
-9.501343999751835
-1.9937654241761273
-1.3881268025189581
-5.69012890939498
-9.616648781872634
-5.42476817304432
-4.683940380314104
-2.2113796897857645
-5.582510469655842
-4.140049445449215
-21.452640855851776
-2.934986258209553
-19.965104178375995
-3.71150520448476
-1.163531287532832
-12.54459507647456
-12.066238582282397
-10.006259203558066
-1.6766041405264254
-4.164115650555334
-1.1535772213714948
-4.312389711975202
-7.598440564051525
-15.090870854721796
-8.611764677733863
-8.324008977755337
-5.224708909660628
-4.75807841319533
-3.858930060612571
-12.711463519584704
-5.122711344344888
-1.5466985989447042
-3.9212785159671304
-1.0755343102322419
-1.5956529241698325
1.2256763625122238
-5.340304438071275
-5.675645478176113
-4.9846023670112904
-0.6397234648481318
-9.774987180326747
-5.150578153299583
-4.574465615803608
-3.671501781708539
-7.235040235577962
-6.495165928329536
-0.9779892902547438
-4.4380023974458185
-10.145463954491795
-4.052656601100739
-9.224554465097484
-16.082599477659038
-2.1290123437782116
-6.923801008109798
-6.4169488555219605
-3.7533785365071015
-4.11992891354048
-4.770949224104097
-4.345045890429491
-8.497984562956443
-4.2812628139354585
-11.326500308896103
-4.374268112152942
-4.750707011649249
-5.121368031723783
-1.963536817936891
-2.9408154332142358
-4.0386787477577615
-4.19497700618377
-2.9288290068812803
-10.869905667991276
-2.8595891010406205
-4.505673682025561
-1.5125273757557218
