-4.054894476992736
-5.4739802496580445
-4.46967395306217
-4.358893197201748
-4.362804252333604
-4.628442566617341
-4.079552667944163
-6.111751748076138
-4.48959152212457
-4.137973447966197
-13.67438141374316
-6.203181007784148
-4.683860710686652
-7.803910802812919
-7.682630481805939
-4.166759764765192
-3.9227049954145534
-4.514220341873674
-11.398748175813065
-4.25239791576675
-6.862901188740549
-4.3549069382319
-9.075837134140263
-7.639111757437659
-7.100531545215819
-4.136416420058034
-6.606136573225298
-4.675974871293094
0.08870745590887363
-3.84752495252553
-1.7847378250796604
-7.746530507128516
-4.577496208817011
-6.058204278606839
-0.050524828544864064
-5.857453777661652
-6.640100781142578
-3.2022655765130743
-4.238281801784484
-4.570458472848556
-1.9769849859985706
-6.290356758948405
-11.164063537324807
2.208070558038721
-2.8534505128629153
-4.030149366878568
-3.99510831839129
-3.267832419242656
-4.189607154908936
-4.299062047483937
-5.010345965513027
-3.0615380920402147
-0.06472687680195399
-13.533031663823705
-3.0763157549165694
-4.1902062152300745
-7.066376168237921
-4.293763368871755
-8.064632304105347
-4.528577048273889
-3.0028613580758536
-0.8200859932073126
-4.232424975463094
-4.334186036794403
-1.4328236665161849
-4.218219435965155
-4.636005146831758
-16.74072669383935
-0.2802106536554416
0.07578576291166073
-4.959753375647118
-6.074007579334149
-0.5192587914134412
-4.29992646286435
-1.5680560383846056
-2.0793102381472663
2.869292040645778
-5.325653354859925
-1.2665357890686408
-4.130670291411075
-4.857844007543436
-8.395264527397206
-4.463229785676506
-6.548864927746311
-7.522199607470171
-6.439125163722513
-4.299689768837218
-4.502327047597997
-4.294786947826096
-4.408901028654197
-3.5533364846336823
2.2400706194836166
-1.4207502699819292
-8.240353359953081
-4.537088253270588
-5.945497908333746
-3.9640421023536536
-6.503307599510438
-3.4380875111622
-9.079220150829476
-2.460593590401068
-9.775730925025869
-5.341575865660113
-4.605762102153611
-6.505205114258088
-6.259417525428845
-4.055399698550505
-5.2293637112369895
-4.5191236757383555
-1.8392295195132817
-10.653069477853364
0.05597475573831634
-11.068763581544792
-3.6869987263025106
-9.45055193964404
-5.514592886119962
-7.439574537741235
-6.328171067535168
-4.40906972434877
-7.508235357897684
-5.204584672140891
-3.5017741429227955
-5.102951153833202
1.8796651166254756
-0.8442646168733736
-3.9593089885647244
-4.2604945939644345
-3.8947342126234146
-5.749609415492534
-4.801987825497959
-5.496920650444158
2.8652231819993434
-4.081480790792264
-11.87312961693578
-6.15105055428737
-4.242043695928776
-4.762444587138269
-5.401740948941589
-5.154964471823673
-3.970085871241991
-4.521773206388447
-4.037337131536263
-4.1396444170780216
-7.5098224658156685
-4.708032720239939
-4.198895524921593
-1.9702121095064382
-4.60878369556797
-2.900249467134906
-3.713688089410889
-4.205027868020597
-9.549324802079793
-5.280651979515388
-3.079705557916386
-2.444453309280188
-4.267761767128235
-4.343425454740435
-5.943981448631896
-3.3222581767748243
-7.694745834916631
-7.459223752201492
-7.379168616086583
-6.083094243991431
-4.643052284403141
-5.292329713571046
-4.724908887440017
-3.0393081293841826
-6.827971864323598
-4.596485296365944
-8.247197856475088
-5.0127714900259495
-4.806172874281411
-7.610213462027585
-4.700320917936952
-4.32815100531671
-5.179791067555869
-5.921434444066702
-2.3937255840707516
-6.743270329177831
-4.320185224609933
-4.124387608598064
-3.9521259051756186
-4.627466103559968
-11.036433392353565
-4.378241995435286
-7.1077324474576695
-4.811018825492229
-3.4824224661222223
5.069580253652554
-2.022570123254323
-4.392191440493527
-4.473092759863266
-4.019447854157788
-7.387158884562914
-1.7434338093508401
-4.152027263209035
-3.9522866013015037
-5.299452730517394
-0.9893668235450109
-4.01089247164189
-4.35884749479281
-5.389883155631749
0.5246650699945355
-4.113661518721379
-5.319086054904586
-4.071233812804709
-4.398233905482923
-8.93173655726857
-4.547913136786477
-4.347022696632567
-4.97892358150544
-8.575422349141219
-4.1700543107736925
-7.828510418651106
-6.136788742804466
-5.054692997483288
-4.341430110831001
-4.1892450953084985
-3.7264297815647964
-1.0123837395940707
-3.7594379077085622
-3.2477477328259274
-4.515777650354121
-2.0380210932625884
-4.229522784278436
-3.777977486951775
-5.230986862411314
-4.358900901911056
-4.095102200662211
0.12268762336152861
-5.290994239826771
-4.64505698114968
-0.5202620324133962
-4.481152454016922
-5.159388360781204
-4.400667409063067
-3.0363805956027807
-4.218987832466915
-4.3964885208526745
-5.79081062856315
-3.8462857005029667
-3.443638680196249
-6.17034849572923
-6.92673719110195
-5.184493710848814
-6.4484826898906
-4.2984266309659365
-6.373466565600397
-1.4857494010676935
-5.349469357710636
-4.600817655254181
-4.76086689279234
-5.01618564852382
-5.444654182015013
-5.328172585906301
-4.582875732162723
-4.445772246325631
-4.6513605590006755
-4.348816672408459
-5.584937166195503
-5.157956786164323
-10.123566208048583
-4.220182142649825
-0.9243121387403059
-4.059752053322943
-4.916716283594501
-4.502970196606565
-4.795046364737165
-4.3405071596350915
-5.768529754579428
-3.2933369045322616
-5.540033921890885
-3.799043093615941
-5.332179743882124
-4.062629109250317
-6.526084289608503
-4.2509509855150505
-1.6618036197256467
-4.288461262107778
-4.601080936891316
-4.438006193516914
-3.406519331213632
-4.83061133797493
-4.229870201123831
-4.687984128933373
-6.652869925314864
-8.014893521641088
-4.189120240810329
-6.558996300015787
-2.2771835483150307
-4.527743033043105
-3.133575459677057
-5.375043269720762
-4.280323658133066
-3.7983996476168898
-4.112806880403733
-9.011376563112059
-4.133812659254035
-4.586247654257978
-4.23577660832738
-4.363440464899854
-5.013052482388144
-3.9059901048428927
-5.408090998103833
-1.0396788928234058
-5.076965542875563
-4.852666093909193
-4.236394761541921
-5.347445574100793
-4.26256351768015
-4.419225775603948
-4.762707300478969
-4.298383298511221
-5.209782090649873
-0.7522220459700906
-4.148362922475897
-4.619467310502782
-5.209394042148736
-4.481965084718244
-3.1472678835267454
-7.544797337524708
-5.140997699320398
-5.354228177258049
-1.6770935822983786
-4.2651262474408345
-5.39032943281402
-4.450735898781392
-3.3446709892811315
-6.518765455926994
-4.641980745307721
-3.3439164351135604
-6.571741658213398
-5.737797215681265
-5.0299053404058895
-4.136235395861833
-7.081241502787925
-4.997709905950744
-4.403266665702597
-4.517945885001239
-5.1233199593592005
-3.9971867979020095
-3.144978680823059
-4.120314431374177
-5.909450186006474
-4.819340926234116
-4.650931868369989
-1.606020691202716
-4.114400485714731
-4.73151567643835
-5.285891645348862
-4.955059414396321
-3.8299621706216556
-3.831238049057198
-3.959155466341133
-4.665532208356707
-6.548592835708026
-2.86180097880586
-8.399536874976288
-4.202436129625262
-4.231376471506801
-7.264374812890096
-4.915164305513732
-2.7085732477831246
-4.552912662250374
-3.838950393219715
-4.79782038360075
-4.495058222399326
-3.9784784154485693
-5.710287262842005
-4.213135640300924
-4.642404278781837
-4.209897513753567
-4.438996221112458
-5.368971155359661
-5.026438547745732
-4.085052780968738
-3.9253583972887705
-4.310213580027612
-3.8249237838001937
-7.259592471851605
-4.84059370293209
-4.964324183447753
1.0999891776108028
0.6277286108176288
-4.410452980601007
-4.363685895325245
-4.8495119287488535
-6.726722485942357
-2.097293043692217
-4.182469736862306
-4.282790347737266
-5.40041311425124
-5.393171400749713
-5.648713476588849
-7.994671902070519
-3.066455895362992
-10.541346774618482
-4.112239065967658
-3.9495986007438315
-4.196013075245814
-4.6563825597065875
-4.055362621564581
