-0.3834635489919034
-4.901387611121949
-2.6577572772404108
-4.46896572003738
-8.626767537259406
-3.8834707130697725
-11.257170368014256
-7.294235704812827
-0.6305871322369478
-1.314865342041283
-3.8901755486973606
-10.987030337857496
-4.5548303015438645
0.8064328197235184
-16.083354302200714
4.720089903030814
-2.7221017212508385
-1.5205748006586228
-4.203522883684127
-11.05348963814594
-5.149153717928075
-3.985535630021257
-4.180909571223663
-8.61530068705077
-5.200007404363941
-4.245494537189371
-4.774111963228688
-14.833835102553731
1.7003486667636905
-2.9331599075497263
-3.6762648836920286
-6.325887285751918
-1.2713256374020028
-17.260022846809008
-11.146198041355081
-9.72971583851701
-11.356108650399852
-4.08690207468142
-4.797650098106353
-5.372873720487297
-7.842110727587386
-1.7090252677733324
-4.315268520610164
-8.077257432454196
-8.294092205158575
-4.3066346137294875
-10.047637415204582
-2.6332036954192373
-7.269924297547446
-1.6670980603591241
-4.123518750065124
-5.580391863307123
-4.3197925118075835
-4.086354313131898
-6.441900030687251
-4.715348740361579
-4.3592334933923365
-4.181275194470981
7.191929473773005
-1.79600788894615
-8.212717545260876
-3.9439647006894267
-4.555660408243591
-8.483141239627034
-3.293599374112497
-4.200473069130988
-5.445790768542648
-0.6334389113760674
-4.079282299090156
-4.412467409128432
-3.932074755406958
-14.606600573245313
-6.60103786043619
-7.415901083074275
-4.285409820951189
-4.241443375516052
-8.605937365123754
-2.6526382365357404
-2.199372026147885
-5.238062225940762
-4.064664658801455
-7.187887994873734
-1.7756455116279297
-12.952444110037987
-5.68763390555416
-4.325420867197702
-3.085760259342675
-5.148176284002748
-6.1457191744320685
-7.953641304298744
-4.812792680545093
-4.306021176078961
-4.688494892837445
-6.050791075298339
-9.25668962447979
-0.9332835303278211
-3.5006779678082784
-2.9309509573989736
-4.263137481704072
-3.9761518361282655
-2.309980245194521
-3.013889780031336
-4.402358510618374
-8.73387940931106
-5.451985503769564
-5.702377992134952
-5.06120076766521
-5.544105715963787
-4.121039977139342
-7.042107920198521
1.6264804373249206
-7.264954344947003
-4.791625031750915
-5.474101488864779
-3.6357385528622226
-4.299402167384965
-3.7848365922651492
-7.426815006869974
-10.771090477544805
-6.601631918034782
-2.7039668185088117
-3.8973082930164447
-2.3702417030190466
-3.6141413997270284
-3.5784308113625007
-11.320707740591523
-4.661215067486781
-4.931644798565786
-8.90734169516283
-4.4385941849335
