-1.7437976367422554
6.925454534650722
11.170692134089848
-7.463409248529665
-13.002859326777134
-11.860959834040841
-2.6134478700057073
4.035911735429664
0.6858754776901534
-0.3458781946138295
5.679240971742445
5.923592939355633
1.7172582922418376
5.841541425896608
16.20623457652954
-3.4540213083570093
8.912021105268238
-14.984742812031183
-7.89545942361619
-4.958686283743645
-6.509921331731063
1.6848421787852854
5.768514650194074
5.094050495830266
6.9371021142202896
-17.111495003413687
6.03510965241342
-7.585230078919011
-1.1358020514680383
-1.396320581550335
-2.5625845716104467
-0.1896530049898586
14.772366207481452
2.274144939028614
-4.579855535783441
1.5314523667655093
-7.887079568137735
0.3064586527166188
2.2648172494314913
-5.895678541518269
-11.255095657404848
-2.9959080804885163
0.9180331776619086
15.911721563425825
-8.407759017587287
-7.282134493895858
-0.5740931320057334
8.154827918812495
-2.0783778361176273
2.103734412151159
5.8746139422851
19.566618125670132
2.3816254619526727
0.08709019629449255
0.9426049902494782
6.955310975709803
-6.0438494593858705
-0.9332332666594709
1.7355887185573353
0.04339518514710683
