4.134067365167041
-22.30114904933946
1.9977188148520675
-2.969113266825
-8.37989423267605
-8.617806454585658
0.3162219322125681
-3.713329894209121
-20.15790200319948
0.21911297087697915
0.9413973145993353
-6.0151607406839265
-1.2715374559493964
-3.331870284699966
-3.3135492777929674
3.2799736777895734
1.234151863920924
2.8282351249667337
4.767560964135297
2.8940592614258103
-3.875112694450538
1.0005850814518018
-3.5127701571817784
-0.28642915787508016
-2.050066330778206
6.23910609966459
3.1762951581174867
-8.8976608149284
9.422131189876085
8.517557055828231
8.952236646151325
0.8293357895106392
-2.603564689363555
3.971822222414565
-1.1684175678406612
-4.749337196860193
9.337715208373618
0.04156649768667586
4.773927170485493
1.0758056740334816
4.570692216110353
-2.126091110612356
3.1166577760160656
-1.0709298194896313
1.4864809083552615
-2.5179296388555574
-3.634297839787226
-29.02917031305686
-5.512821641407843
7.7220411347523905
-6.517930565744987
-6.7826245046027465
5.760784957317288
5.036159495901129
-26.358581357031955
4.852633711036617
1.488732417575728
-1.290028649785214
-2.954754816961092
2.6406449941747923
1.9859647017396442
4.593571092563641
-4.207771120574494
5.368791810701161
6.285155517061513
6.466412469931127
0.4255170759283533
1.159545032027757
6.8990146430267245
4.480740042581642
4.7912939547673465
-13.038471278993079
0.1456041801214572
-0.8467545498032338
2.667767612605532
5.994124912738573
1.877259698710294
3.6821375713333784
7.5009194965485655
3.4590500084444273
-5.04163158239085
-6.27884444898066
0.0019526463625631958
4.258542432718347
3.4441567760744505
6.515346358145852
1.8772336601396407
4.914352793755531
4.181063245083769
2.641018719390248
10.531396779218484
-7.663869510654839
1.976701339471693
0.19232268363255584
0.6040003927301492
12.723359206424814
-4.55948538563917
4.466981742065202
0.8965927265796965
0.2634828786512333
2.1608069680649815
7.581167707240409
6.142946327460347
2.122502968209583
-1.178809667729122
5.254261194188567
6.00746412001897
0.48735893231865557
6.672882798855504
0.6422399477258224
-4.214385764860605
-8.977424392826599
6.19105708584059
6.678560424526566
-14.314176210286995
-1.5989873802434893
-5.06960417201768
-3.673677873711666
1.5509136813998183
3.284360320175201
-3.848204788114143
2.0163590419068704
-3.8002180601732225
-3.252501931175175
1.9571857618097805
4.929176494396689
5.187952118475581
1.972195137305122
-2.376939390429653
2.373653498987222
-4.772412147198255
-4.772001713511104
5.835500024342089
2.3713878861666142
-3.545566130790552
-12.262949933884812
-5.751654686076135
-13.500014449925555
4.4706939673953245
-3.0086298637486917
-2.431984587590254
0.8388428703341441
6.518286734127287
-4.738357223530339
7.4700687355213615
-1.1571625376092713
-2.8066891598512163
-5.3414174362926605
5.177736689413894
0.8070336067091909
8.346300088619946
7.029917603815092
1.6365296590883096
11.967396310207507
-3.9641290961610625
2.437908416306312
6.915320250303925
12.031744083072734
7.723332672056855
-0.1538370283099204
4.232443001300532
11.474781824885005
-2.7739987108898014
0.17001202393664933
19.207173786518215
