4.134067365167041
-22.30114904933946
1.9977188148520675
-2.969113266825
-8.37989423267605
-8.617806454585658
0.3162219322125681
-3.713329894209121
-20.15790200319948
0.21911297087697915
0.9413973145993353
-6.0151607406839265
-1.2715374559493964
-3.331870284699966
-3.3135492777929674
3.2799736777895734
1.234151863920924
2.8282351249667337
4.767560964135297
2.8940592614258103
-3.875112694450538
1.0005850814518018
-3.5127701571817784
-0.28642915787508016
-2.050066330778206
6.23910609966459
3.1762951581174867
-8.8976608149284
9.422131189876085
8.517557055828231
8.952236646151325
0.8293357895106392
-2.603564689363555
3.971822222414565
-1.1684175678406612
-4.749337196860193
9.337715208373618
0.04156649768667586
4.773927170485493
1.0758056740334816
4.570692216110353
-2.126091110612356
3.1166577760160656
-1.0709298194896313
1.4864809083552615
-2.5179296388555574
-3.634297839787226
-29.02917031305686
-5.512821641407843
7.7220411347523905
-6.517930565744987
-6.7826245046027465
5.760784957317288
