10.250545971304092
-0.6763196280290265
-3.733443910241579
5.005289473468302
-6.448116040260402
-9.424717471398246
-7.545724328880482
2.854200935200554
-1.007568001858104
0.9920386215361967
-1.62818143991203
-4.497630997709095
-4.117361004867121
-5.481480055721245
2.697341948562364
-8.081730395645886
-2.6196646892703632
-0.04299220158611439
-2.909449843790929
-8.621818669531354
-11.947042461844074
-2.657526381893898
-2.1328571983438898
5.891945464753546
-4.693694792389744
-9.719580479181392
-5.7482941978961115
-7.861909546551411
-7.615402255108417
-2.153963099451815
-7.169871770662888
-11.534691292064089
-1.0360877113179465
-6.606296012547206
-3.5174160451645635
-3.2251343134709627
-10.428764523014511
2.115754813989113
-3.5506934761001854
-7.498101464971169
-8.449163879146074
-8.440712196604037
-2.8802083284786573
3.9039784949802256
-8.291146737124482
-3.4405372878765514
-3.5393560138082627
-3.8341528911048117
-0.5470755856430074
-0.8314315978670019
-3.999434360889687
-5.512007919750516
0.3766245874322802
7.556545037220449
-3.60176710926304
-3.512471724634547
-2.194517971192162
-2.1047884464803084
