16.0479376312964
12.84520411401876
1.8878049258254403
-1.8880517640678955
5.909896208773962
9.644760467669661
10.448014434587886
10.128154929455292
-18.051084524766065
1.017390464302136
1.1397524280443259
20.321099568083397
6.650745319521538
9.54162405769333
9.062995952107975
8.442442861932426
3.872981945993093
10.14579487634441
13.837371879410329
19.325914619584935
2.7958249625082217
23.057608609410316
21.665631939744635
19.446318774442002
25.56638499865343
-0.04584982764036083
-3.059598737314455
-5.126400031574217
19.276655322890655
27.807242011059056
13.64451235816808
